185650001	0.0012366904	-0.837939	-11.966004
185651001	0.001553867	-0.749082	-9.902481
185652001	0.0018545806	-0.268040	-6.938285
185653001	0.0015056666	-0.358272	-3.289615
185654001	0.0013190712	-0.397317	-3.566329
185655001	0.0010074972	-0.728764	-4.466473
185656001	0.000880455	-0.558218	-3.772643
185657001	0.0005603174	-1.366772	-4.514005
185658001	0.0005506416	-1.530251	-6.676305
185659001	0.0006436508	-1.568383	-6.613251
185660001	0.0006389334	-1.509058	-6.662411
185661001	0.000366489	-1.863006	-8.787054
185662001	0.000276858	-1.868757	-7.083562
185663001	0.0001920918	-1.921984	-6.477400
185664001	0.0002524172	-1.228254	-4.975331
185665001	0.000186909	-1.514129	-6.350116
185666001	0.00019126	-1.688085	-6.330437
185667001	0.000200335	-1.868140	-6.287349
185668001	0.000278737	-1.586485	-4.029645
185669001	0.0002443676	-1.928075	-3.455084
185670001	0.0004656716	-1.390319	-0.724922
185671001	0.0004636946	-1.281437	1.265235
185672001	0.0005511664	-0.944960	1.478929
185673001	0.0005131942	-1.269901	1.409038
185674001	0.0004916462	-1.246963	0.839355
185675001	0.0004887014	-1.466848	-0.598138
185676001	0.0005867196	-1.371223	-0.223700
185677001	0.0004917576	-1.519338	-0.472577
185678001	0.0006075914	-1.415181	-2.742245
185679001	0.000505853	-1.596169	-2.335595
185680001	0.000269746	-1.974691	-1.628245
185681001	0.0002568654	-1.870763	-2.480005
185682001	0.0003846228	-1.625716	-3.714842
185683001	0.0005275434	-1.061321	-1.421684
185684001	0.0005495046	-0.582658	-1.321236
185685001	0.0007417294	-0.018777	-2.360260
185686001	0.0007571716	-0.482270	-2.444354
185687001	0.0006612718	-0.846642	-1.059760
185688001	0.0003608984	-1.411378	-1.280970
185689001	0.0004221352	-1.355692	-1.961551
185690001	0.0002584996	-1.866421	-0.789565
185691001	0.0003614772	-1.592815	0.032712
185692001	0.0003304038	-1.463480	-0.113176
185693001	0.0003568978	-1.694380	-0.000776
185694001	0.0002772514	-1.977381	0.581308
185695001	0.0004139026	-1.692588	-2.059268
185696001	0.000462164	-1.792934	-4.327115
185697001	0.0005085004	-1.746429	-6.106055
185698001	0.0007003622	-1.316909	-5.930810
185699001	0.0007505978	-1.305844	-5.907387
185700001	0.0008967658	-1.070703	-4.093035
185701001	0.0007224768	-1.150269	-1.814741
185702001	0.0009186066	-0.933837	0.496225
185703001	0.0008351134	-1.152036	0.498144
185704001	0.0009400928	-1.024258	-1.097453
185705001	0.000645791	-1.366800	-0.402256
185706001	0.0006170504	-1.306358	-2.167793
185707001	0.0004112206	-1.618889	-2.592779
185708001	0.0003338468	-1.777401	-4.589485
185709001	0.0004742792	-1.368508	-3.502939
185710001	0.0006365186	-1.161356	-3.238044
185711001	0.000586937	-1.164449	-3.733859
185712001	0.000628435	-1.104196	-3.842787
185713001	0.0006211452	-1.039941	-1.909731
185714001	0.0004895268	-1.252594	-4.743293
185715001	0.0003213458	-1.603612	-4.956070
185716001	0.0005594118	-1.152789	-4.088814
185717001	0.0007136662	-0.810802	-7.234738
185718001	0.000834049	-0.882194	-7.025465
185719001	0.0007179876	-1.125659	-3.475056
185720001	0.0007227716	-1.182453	-3.456971
185721001	0.0006827304	-1.322596	-2.915973
185722001	0.0005587054	-1.539583	-0.046102
185723001	0.0003873304	-1.489385	-0.483272
185724001	0.0004823828	-1.310673	-1.147444
185725001	0.0005442036	-0.912364	-1.219661
185726001	0.000679626	-0.747511	-0.366644
185727001	0.0006793422	-0.799768	-1.121113
185728001	0.0011397858	-1.200988	-9.671711
185729001	0.0010944034	-1.175687	-9.082829
185730001	0.0010310666	-1.287004	-9.088696
185731001	0.0008983512	-1.373353	-9.650494
185732001	0.0008909728	-1.362952	-8.735069
185733001	0.0004376358	-1.390466	-0.149154
185734001	0.0003364444	-1.689231	-0.307049
185735001	0.0003247592	-1.659772	-0.287527
185736001	0.0001244242	-2.104307	0.001080
185737001	2.57102e-05	-2.438393	0.124048
185738001	2.21702e-05	-2.408163	0.106524
185739001	0.0002266834	-1.641802	0.203295
185740001	0.0003223046	-1.305884	0.142625
185741001	0.0005284064	-0.654454	0.094406
185742001	0.0009287152	1.082113	0.248423
185743001	0.0011486638	1.199530	0.292303
185744001	0.0016401314	2.045773	0.256316
185745001	0.002704488	2.617582	0.603459
185746001	0.0031229674	2.474552	-1.098789
185747001	0.003154933	1.576982	-2.596882
185748001	0.0034136438	1.593189	-2.050792
185749001	0.0028368682	0.858920	-4.919523
185750001	0.0017521634	0.069346	-6.173224
185751001	0.0012693074	-0.403760	-6.403469
185752001	0.0008979228	-0.705690	-4.782187
185753001	0.0004641328	-1.238407	-5.183639
185754001	0.0004653194	-1.190993	-3.185641
185755001	0.0005264052	-1.196481	-4.211326
185756001	0.0005060316	-1.208742	-1.763875
185757001	0.000500889	-0.933080	-1.827218
185758001	0.0005133904	-0.894187	-1.795555
185759001	0.0004441844	-0.941058	-0.777620
185760001	0.0004041464	-0.888392	1.193782
185761001	0.0006478934	-0.162087	0.479414
185762001	0.0006992382	-0.239794	-2.180916
185763001	0.0012433382	0.663214	-3.072855
185764001	0.0017930494	1.053409	-3.146746
185765001	0.0023294928	1.423293	-2.529468
185766001	0.002838314	1.858988	-1.941249
185767001	0.0031114698	2.222677	0.790305
185768001	0.0028081784	1.675830	1.844060
185769001	0.0030100368	2.061993	1.682744
185770001	0.0032098702	2.089227	1.056632
185771001	0.0028836852	1.600612	1.329468
185772001	0.0033887136	1.837441	2.173196
185773001	0.0036071944	2.195595	1.998802
185774001	0.0034284744	2.206730	3.308515
185775001	0.0037799574	2.431904	3.893515
185776001	0.003659523	2.762792	4.363416
185777001	0.0029558384	2.357146	3.682082
185778001	0.002749743	1.856643	0.772781
185779001	0.0022451108	1.081638	-1.955199
185780001	0.0013700954	-0.084064	-1.944114
185781001	0.001208225	-0.625927	-3.183875
185782001	0.0014067252	-0.441947	-4.128048
185783001	0.0014198574	-0.222571	-2.608443
185784001	0.0016192782	0.275041	-4.945918
185785001	0.0014634476	0.198934	-7.050602
185786001	0.0013821562	0.329880	-6.694417
185787001	0.0016345798	0.413738	-9.462367
185788001	0.0018026206	0.608700	-8.084303
185789001	0.0015373212	0.125890	-5.509746
185790001	0.0014621624	0.141892	-3.634929
185791001	0.0014767248	-0.078934	-5.004003
185792001	0.0008913164	-0.582619	-1.536432
185793001	0.000451893	-1.608048	-1.515097
185794001	0.0004880452	-1.527599	-0.279516
185795001	0.0007012476	-1.286508	-4.279984
185796001	0.0005938604	-1.386043	-6.584799
185797001	0.0006750866	-1.578148	-11.502411
185798001	0.000745536	-1.391731	-16.538532
185799001	0.0007648442	-1.406505	-19.730080
185800001	0.0008252596	-1.353365	-21.101240
185801001	0.0009233966	-1.378330	-29.120880
185802001	0.0008001674	-1.347131	-28.313465
185803001	0.0006944062	-1.643582	-29.356398
185804001	0.0007849156	-1.562024	-31.480005
185805001	0.0005608786	-1.864238	-32.691012
185806001	0.0006125604	-1.662475	-21.896104
185807001	0.0006973526	-1.561990	-17.771820
185808001	0.000741548	-1.322313	-11.669236
185809001	0.0005459994	-1.589069	-6.361662
185810001	0.000472694	-1.615075	-1.724299
185811001	0.0002359252	-2.151791	-4.995697
185812001	0.0002523558	-2.015026	-5.333175
185813001	0.0003978176	-1.650647	-6.524716
185814001	0.0004247644	-1.615143	-6.484119
185815001	0.0003731372	-1.654161	-6.863349
185816001	0.0004871208	-1.080370	-5.814871
185817001	0.0005562322	-1.160846	-5.731503
185818001	0.0004010848	-1.696111	-4.541736
185819001	0.0004872968	-1.405765	-4.981172
185820001	0.0005633312	-1.477855	-2.631965
185821001	0.0005310222	-1.641185	0.667581
185822001	0.0005535238	-1.664492	-1.777565
185823001	0.0007541042	-1.299462	-2.449016
185824001	0.0008233056	-1.282962	-3.686358
185825001	0.001242806	-0.603111	-5.653442
185826001	0.0014994246	-0.331027	-6.614563
185827001	0.0015260162	-0.326493	-4.037968
185828001	0.001421568	-0.261763	-4.075503
185829001	0.001468371	-0.380220	-2.302607
185830001	0.001194746	-0.813680	-5.559138
185831001	0.0010948216	-0.786128	-4.032065
185832001	0.0009703374	-1.001963	-9.652275
185833001	0.0009341348	-1.341497	-8.824404
185834001	0.0008857218	-1.348986	-8.974827
185835001	0.0011051906	-1.088698	-4.113763
185836001	0.0011614204	-1.193200	-6.136501
185837001	0.0014638992	-0.789482	-1.105401
185838001	0.0015433514	-0.627373	-2.964494
185839001	0.0013791102	-0.742853	-2.871101
185840001	0.0010548108	-0.949478	-2.374171
185841001	0.000906383	-0.956844	-1.791783
185842001	0.000656171	-1.188767	-1.017165
185843001	0.0007633952	-0.737090	-0.359448
185844001	0.0007789284	-0.541446	-0.287531
185845001	0.0010234024	-0.387811	-2.123961
185846001	0.0012747214	0.042215	-4.190393
185847001	0.0011935002	-0.016816	-5.262756
185848001	0.0013196592	-0.029799	-3.934179
185849001	0.0016699854	0.422897	-5.028066
